59
0.000724078
0.000697748
0.00034744
0.000900274
0.000734178
0.000711072
0.00064487
0.000429368
0.000596234
0.000514006
0.000396536
0.000467693
0.000449258
0.000477168
0.000398595
0.000401052
0.00025496
0.000397251
0.000256123
0.000384777
0.000399243
0.000416828
0.000236339
0.000379682
0.000243828
0.000350291
0.000219124
0.000362447
0.000251839
0.000493568
0.000302063
0.000416965
0.000297274
0.00031815
0.00028983
0.000295966
0.000402797
0.000260955
0.000337816
0.000422542
0.000176293
0.000210493
0.00017717
0.000260756
0.000155427
0.000158444
0.000158421
0.000157285
0.000157475
0.000159544
0.000160384
0.000157195
0.00015233
2.25374e-05
2.31693e-05
2.24292e-05
2.2985e-05
2.64385e-05
2.41187e-05
2.6238e-05
7.24996
5.2081
3.00694
3.55465
7.33124
7.13267
4.8383
7.19193
0.0324434
1.17925
3.7707
2.43395
1.74471
2.33923
1.48052
1.39987
2.74885
3.73908
0.0209394
0.742415
0.335511
0.317447
0.314565
0.35371
0.426898
0.458706
0.49535
0.536861
0.582318
0.631422
0.589225
0.508924
0.448304
0.398881
0.367906
0.34252
0.325521
0.309989
0.300213
0.290759
0.285934
0.280566
0.278731
0.275647
0.275216
0.272983
0.273014
0.272182
0.275785
0.278335
0.285478
0.288087
0.285293
0.269492
0.258985
0.255762
0.260677
0.274234
0.294783
0.320189
0.348598
0.373598
0.402139
0.406604
0.393141
0.381357
0.371098
0.36222
0.354583
0.348059
0.342528
0.337126
0.330902
0.325705
0.321364
0.317839
0.315126
0.313206
0.31204
0.31157
0.303135
0.287085
0.261512
0.232904
0.206888
0.190301
0.176894
0.201472
0.147858
0.150538
0.221923
0.182241
0.176366
0.176876
0.180234
0.150842
0.145549
0.14626
0.163025
0.192169
0.22904
0.193669
0.159531
0.145212
0.145462
0.14699
0.145577
0.148108
0.148418
0.14519
0.151138
0.163594
0.180098
0.198723
0.218104
0.22478
0.223084
0.223653
0.226039
0.22983
0.234669
0.240249
0.246319
0.252675
0.259153
0.265627
0.271999
0.278196
0.284164
0.289867
0.295279
0.300386
0.305179
0.309658
0.313827
0.314584
0.31452
0.314307
0.313968
0.313523
6
0.244665
0.00407775
0.000407775
4.67255
2.04203
0.347753
0.255762
0.220974
0.14519
